$ANSIBLE_VAULT;1.1;AES256
65346666336334653735613238333066366439663037353034666163386637643763663230363138
6230623561346634303466643765393461656163333466370a383139633231326432623838653131
38666462303761366261333638383766353466663563653366366430333138633563333638336165
3433616337386462620a303665333430656163333035376466623332373831386236633164323563
31373539666166313933363661386164336138383835666434323466646265633462366662306464
66633362633038613230376563346130323963393237653362376135636438366330393064316161
64393866636130633737653637623632376438303734323437663934613434663563613136623263
38373066323562376336313130666434313637633763643965383762623038353333396365653063
31393731613430363834616162343766613838333336383731346461316562363163313435393835
31656264383762333233643438646638303239333738333662633432303266303236666363336135
613863313333306566383662376530623734
